0.00003051909759410609
0.00003208815995947578
0.00003373723518462768
0.00003547035993523018
0.00003729177164268904
0.000039205918297480213
0.00004121746870838772
0.000043331323246798004
0.000045552625100198085
0.000047886772056970894
0.00005033942884674625
0.00005291654006106539
0.00005562434368094893
0.00005846938523895728
0.00006145853264316603
0.00006459899169247718
0.00006789832231640647
0.00007136445556810145
0.00007500571140578449
0.00007883081729848085
0.00008284892768861685
0.00008706964435339914
0.00009150303770022461
0.0000961596690398081
0.00010105061387716274
0.00010618748626550767
0.000111582464268567
0.00011724831657855539
0.000123198430337923
0.0001294468402194826
0.00013600825881260326
0.00014289810837653238
0.00015013255401208347
0.00015772853831580447
0.0001657038175743586
0.00017407699956578648
0.00018286758303048822
0.0001920959988815918
0.00020178365322742753
0.00021195297227366572
0.0002226274491876068
0.0002338316929960671
0.00024559147960323546
0.0002579338050079927
0.00027088694080878994
0.0002844804920846822
0.0002987454577437765
0.00031371429343435286
0.00032942097711519125
0.0003459010773874116
0.0003631918246885246
0.0003813321854570506
0.0004003629393775632
0.00042032675981523715
0.0004412682975613591
0.00046323426800054524
0.00048627354182911864
0.0005104372394428291
0.0005357788291259213
0.0005623542291699479
0.0005902219140551668
0.0006194430248347982
0.0006500814838547031
0.0006822041139581403
0.0007158807623138252
0.0007511844290175596
0.0007881914006163115
0.0008269813887066269
0.0008676376737598024
0.0009102472543323081
0.0009549010018161108
0.001001693820888938
0.001050724815825188
0.0011020974628275226
0.0011559197885406824
0.0012123045549100042
0.0012713694505476214
0.0013332372887631116
0.001398036212425513
0.0014658999058095312
0.0015369678135872533
0.001611385367115914
0.0016893042181778117
0.001770882480314706
0.0018562849779032997
0.0019456835031091968
0.0020392570808492327
0.002137192241889574
0.002239683304195217
0.0023469326626401887
0.002459151087176259
0.002576558029549314
0.0026993819386373907
0.0028278605844743177
0.002962241391006537
0.003102781777615138
0.003249749509416533
0.003403423056341004
0.0035640919609600252
0.003732057215018403
0.00390763164460145
0.004091140303836727
0.004282920877011376
0.004483324088948137
0.004692714123455732
0.004911469049635686
0.005139981255788739
0.00537865789062969
0.005627921311475326
0.00588820953902891
0.006159976718337679
0.006443693585454824
0.0067398479392818955
0.007048945118017902
0.007371508479582567
0.007708079885324903
0.008059220186263594
0.008425509711043222
0.008807548754720507
0.009205958067427855
0.009621379341885283
0.010054475698656584
0.010505932167966858
0.010976456166819637
0.01146677797006157
0.01197765117396371
0.012509853150792283
0.013064185492756453
0.013641474443620794
0.014242571316183561
0.014868352893713355
0.015519721813348486
0.0161976069293584
0.016902963654065573
0.017636774274127243
0.018400048239774203
0.019193822424501128
0.02001916135260623
0.020877157391873125
0.021768930908597606
0.02269563038205985
0.02365843247545485
0.024658542060204625
0.025697192190489992
0.026775644024761958
0.02789518669091917
0.029057137091771434
0.030262839647350548
0.031513665970578586
0.032811014472763966
0.034156309895364834
0.03555100276444073
0.03699656876420665
0.038494508026111984
0.04004634432988946
0.04165362421305602
0.04331791598540469
0.045040808645099684
0.046823910693078785
0.048668848842584045
0.050577266620772
0.052550822859519175
0.05459119007271285
0.0567000527175317
0.05887910533744606
0.061130050584931483
0.06345459712217272
0.06585445739834972
0.06833134530244223
0.07088697369085672
0.07352305178958474
0.07624128247102818
0.07904335940608975
0.08193096409261041
0.08490576276175776
0.08796940316450819
0.09112351124094076
0.09436968767565529
0.0977095043432486
0.1011445006484254
0.10467617976598531
0.10830600478660551
0.11203539477504026
0.1158657207480634
0.11979830158019955
0.1238343998460173
0.12797521760847702
0.13222189216355756
0.1365754917520961
0.14103701125048634
0.145607367852567
0.15028739675570257
0.15507784686469694
0.15997937652779426
0.16499254931958812
0.17011782988619084
0.1753555798684932
0.18070605391976646
0.18616939583422265
0.19174563480344547
0.19743468181782664
0.20323632623029053
0.20915023249965442
0.21517593713094968
0.22131284582991384
0.22756023088865862
0.23391722881920862
0.24038283825119905
0.24695591810951173
0.2536351860870096
0.2604192174268133
0.2673064440277353
0.27429515388555925
0.28138349088181847
0.2885694549305995
0.295850902492665
0.3032255474648756
0.3106909624514824
0.3182445804223785
0.32588369676184087
0.33360547170966953
0.3414069331949561
0.34928498006098596
0.35723638567802096
0.3652578019389192
0.37334576363075406
0.3814966931737849
0.38970690571734634
0.3979726145804471
0.406289937023135
0.4146549003329969
0.4230634482095296
0.4315114474275621
0.43999469475943104
0.4485089241342335
0.457049814011201
0.4656129949430813
0.47419405730437336
0.48278855915835883
0.49139203423610556
0.5
0.5086079657638944
0.5172114408416412
0.5258059426956266
0.5343870050569187
0.5429501859887991
0.5514910758657665
0.5600053052405689
0.5684885525724379
0.5769365517904703
0.5853450996670031
0.593710062976865
0.6020273854195529
0.6102930942826537
0.6185033068262151
0.626654236369246
0.6347421980610808
0.642763614321979
0.650715019939014
0.6585930668050439
0.6663945282903305
0.6741163032381592
0.6817554195776214
0.6893090375485176
0.6967744525351244
0.704149097507335
0.7114305450694005
0.7186165091181815
0.7257048461144407
0.7326935559722647
0.7395807825731867
0.7463648139129904
0.7530440818904882
0.759617161748801
0.7660827711807914
0.7724397691113414
0.7786871541700862
0.7848240628690504
0.7908497675003456
0.7967636737697095
0.8025653181821734
0.8082543651965546
0.8138306041657773
0.8192939460802335
0.8246444201315069
0.8298821701138092
0.8350074506804119
0.8400206234722057
0.8449221531353031
0.8497126032442974
0.854392632147433
0.8589629887495136
0.863424508247904
0.8677781078364424
0.872024782391523
0.8761656001539827
0.8802016984198004
0.8841342792519367
0.8879646052249597
0.8916939952133944
0.8953238202340147
0.8988554993515746
0.9022904956567515
0.9056303123243448
0.9088764887590592
0.9120305968354918
0.9150942372382422
0.9180690359073895
0.9209566405939102
0.9237587175289719
0.9264769482104153
0.9291130263091433
0.9316686546975578
0.9341455426016503
0.9365454028778273
0.9388699494150685
0.941120894662554
0.9432999472824684
0.9454088099272872
0.9474491771404808
0.949422733379228
0.951331151157416
0.9531760893069212
0.9549591913549003
0.9566820840145953
0.9583463757869439
0.9599536556701105
0.961505491973888
0.9630034312357934
0.9644489972355592
0.9658436901046352
0.967188985527236
0.9684863340294214
0.9697371603526495
0.9709428629082286
0.9721048133090808
0.973224355975238
0.97430280780951
0.9753414579397954
0.9763415675245452
0.9773043696179402
0.9782310690914024
0.9791228426081269
0.9799808386473938
0.9808061775754988
0.9815999517602259
0.9823632257258728
0.9830970363459344
0.9838023930706417
0.9844802781866515
0.9851316471062866
0.9857574286838164
0.9863585255563792
0.9869358145072435
0.9874901468492077
0.9880223488260362
0.9885332220299384
0.9890235438331804
0.9894940678320332
0.9899455243013434
0.9903786206581147
0.9907940419325721
0.9911924512452794
0.9915744902889567
0.9919407798137364
0.9922919201146752
0.9926284915204174
0.9929510548819821
0.993260152060718
0.9935563064145452
0.9938400232816623
0.9941117904609711
0.9943720786885246
0.9946213421093704
0.9948600187442113
0.9950885309503643
0.9953072858765443
0.9955166759110519
0.9957170791229886
0.9959088596961633
0.9960923683553986
0.9962679427849817
0.9964359080390399
0.996596576943659
0.9967502504905834
0.9968972182223849
0.9970377586089935
0.9971721394155257
0.9973006180613626
0.9974234419704506
0.9975408489128237
0.9976530673373598
0.9977603166958048
0.9978628077581104
0.9979607429191508
0.9980543164968908
0.9981437150220966
0.9982291175196853
0.9983106957818222
0.9983886146328841
0.9984630321864127
0.9985341000941905
0.9986019637875745
0.9986667627112369
0.9987286305494524
0.99878769544509
0.9988440802114593
0.9988979025371725
0.9989492751841749
0.998998306179111
0.9990450989981838
0.9990897527456677
0.9991323623262403
0.9991730186112934
0.9992118085993837
0.9992488155709824
0.9992841192376862
0.9993177958860419
0.9993499185161453
0.9993805569751653
0.9994097780859448
0.99943764577083
0.9994642211708741
0.9994895627605571
0.9995137264581708
0.9995367657319995
0.9995587317024386
0.9995796732401847
0.9995996370606224
0.9996186678145429
0.9996368081753115
0.9996540989226126
0.9996705790228848
0.9996862857065656
0.9997012545422562
0.9997155195079153
0.9997291130591912
0.9997420661949921
0.9997544085203968
0.9997661683070039
0.9997773725508123
0.9997880470277263
0.9997982163467726
0.9998079040011184
0.9998171324169696
0.9998259230004343
0.9998342961824256
0.9998422714616841
0.9998498674459879
0.9998571018916235
0.9998639917411873
0.9998705531597805
0.9998768015696621
0.9998827516834214
0.9998884175357314
0.9998938125137344
0.9998989493861228
0.9999038403309601
0.9999084969622998
0.9999129303556467
0.9999171510723114
0.9999211691827015
0.9999249942885942
0.9999286355444319
0.9999321016776836
0.9999354010083075
0.9999385414673568
0.999941530614761
0.9999443756563191
0.9999470834599389
0.9999496605711533
0.999952113227943
0.9999544473748998
0.9999566686767531
0.9999587825312917
0.9999607940817026
0.9999627082283573
0.9999645296400648
0.9999662627648154
0.9999679118400405
0.9999694809024059